550,5
550,4
550,3
550,2
550,1
550,0
549,4
549,3
549,2
549,1
549,0
548,4
548,3
548,2
548,1
548,0
547,4
547,3
547,2
547,1
547,0
546,3
546,2
546,1
546,0
4,3
2,5
2,4
2,3
2,2
2,1
2,0
1,3
0,563
0,507
0,506
0,449
0,326
0,243
0,9
0,0
0,1
0,549
0,300
0,558
0,299
0,312
0,298
0,551
0,297
0,358
0,296
0,548
0,295
0,313
0,294
0,538
0,293
0,317
0,292
0,521
0,291
0,483
0,290
0,543
0,289
0,316
0,288
0,351
0,287
0,501
0,286
0,482
0,285
0,530
0,284
0,500
0,283
0,531
0,282
0,455
0,281
0,526
0,280
0,512
0,279
0,540
0,278
0,301
0,277
0,546
0,276
0,481
0,275
0,395
0,274
0,466
0,273
0,499
0,272
0,465
0,271
0,561
0,270
0,269
0,519
0,268
0,573
0,267
0,464
0,266
0,529
0,265
0,379
0,264
0,536
0,263
0,368
0,262
0,461
0,261
0,524
0,260
0,471
0,259
0,480
0,258
0,491
0,257
0,490
0,256
0,255
0,489
0,254
0,479
0,253
0,535
0,252
0,534
0,251
0,384
0,250
0,448
0,249
0,463
0,248
0,376
0,247
0,452
0,246
0,470
0,245
0,244
0,498
0,242
0,362
0,241
0,547
0,240
0,537
0,239
0,564
0,238
0,497
0,237
0,488
0,236
0,454
0,235
0,460
0,234
0,567
0,233
0,511
0,232
0,231
0,451
0,230
0,450
0,229
0,308
0,228
0,542
0,227
0,553
0,226
0,510
0,225
0,459
0,224
0,509
0,223
0,394
0,222
0,416
0,221
0,387
0,220
0,572
0,219
0,409
0,218
0,571
0,217
0,555
0,216
0,487
0,215
0,508
0,214
0,213
0,504
0,212
0,211
0,496
0,210
0,318
0,209
0,410
0,208
0,495
0,207
0,559
0,206
0,400
0,205
0,477
0,204
0,468
0,203
0,503
0,202
0,566
0,201
0,386
0,200
0,405
0,199
0,404
0,198
0,476
0,197
0,415
0,196
0,475
0,195
0,494
0,194
0,390
0,193
0,493
0,192
0,403
0,63
0,397
0,62
0,389
0,61
0,414
0,60
0,457
0,59
0,472
0,58
0,485
0,57
0,492
0,56
0,413
0,55
0,401
0,54
0,516
0,53
0,408
0,52
0,391
0,51
0,385
0,50
0,49
0,388
0,48
0,411
0,47
0,407
0,46
0,532
0,45
0,544
0,6
0,5
0,304
0,303
0,306
0,305
0,302
0,12
0,355
0,10
0,8
0,11
0,4
0,2
0,3
0,7
